0.00		22.00		22.00		22.00		22.00		55.00		55.00		55.00		55.00		90.00	
3		3		3		3		3		3		3		3		3		3	
1.00		1.00		1.00		1.00		1.00		1.00		1.00		1.00		1.00		1.00	
3042.65		3042.65		3042.65		3042.65		3042.65		3042.65		3042.65		3042.65		3042.65		3042.65	
13361.6		13361.6		13361.6		13361.6		13361.6		13361.6		13361.6		13361.6		13361.6		13361.6	
16.00		16.00		16.00		16.00		16.00		16.00		16.00		16.00		16.00		16.00	
50		50		50		50		50		50		50		50		50		50	
4.00		4.00		4.00		4.00		4.00		4.00		4.00		4.00		4.00		4.00	
1778.25		2205.649902		2205.649902		2205.649902		2205.649902		3242.399902		3242.399902		3242.399902		3242.399902		3726.459961	
1.02597E-07		6.22793E-08		6.22793E-08		6.22793E-08		6.22793E-08		4.50084E-08		4.50084E-08		4.50084E-08		4.50084E-08		3.9090214E-008	
1.64567E-16		3.48594E-17		3.48594E-17		3.48594E-17		3.48594E-17		-4.93597E-16		-4.93597E-16		-4.93597E-16		-4.93597E-16		-2.9168111E-018	
-2.32293E-07		-1.41063E-07		-1.41063E-07		-1.41063E-07		-1.41063E-07		-1.01976E-07		-1.01976E-07		-1.01976E-07		-1.01976E-07		-8.8589154E-008	
-2.48173E-16		-3.24967E-16		-3.24967E-16		-3.24967E-16		-3.24967E-16		8.40981E-17		8.40981E-17		8.40981E-17		8.40981E-17		-8.6336152E-016	
2.53218E-07		1.50987E-07		1.50987E-07		1.50987E-07		1.50987E-07		1.07432E-07		1.07432E-07		1.07432E-07		1.07432E-07		9.3304301E-008	
-1.49018E-15		-9.20061E-16		-9.20061E-16		-9.20061E-16		-9.20061E-16		3.14848E-15		3.14848E-15		3.14848E-15		3.14848E-15		2.0117488E-015	
-2.28274E-07		-1.2549E-07		-1.2549E-07		-1.2549E-07		-1.2549E-07		-8.12894E-08		-8.12894E-08		-8.12894E-08		-8.12894E-08		-7.0290369E-008	
1.05183E-14		-3.06499E-15		-3.06499E-15		-3.06499E-15		-3.06499E-15		3.90848E-16		3.90848E-16		3.90848E-16		3.90848E-16		1.5406239E-015	
1.90945E-07		8.5496E-08		8.5496E-08		8.5496E-08		8.5496E-08		3.56065E-08		3.56065E-08		3.56065E-08		3.56065E-08		2.9806476E-008	
7.24564E-15		-1.81641E-16		-1.81641E-16		-1.81641E-16		-1.81641E-16		2.5369E-15		2.5369E-15		2.5369E-15		2.5369E-15		9.4811669E-016	
-1.57502E-07		-4.77273E-08		-4.77273E-08		-4.77273E-08		-4.77273E-08		1.56107E-08		1.56107E-08		1.56107E-08		1.56107E-08		1.5910233E-008	
-7.69737E-15		-2.84239E-15		-2.84239E-15		-2.84239E-15		-2.84239E-15		-2.68125E-15		-2.68125E-15		-2.68125E-15		-2.68125E-15		-1.3248563E-015	
1.29935E-07		2.05347E-08		2.05347E-08		2.05347E-08		2.05347E-08		-5.90758E-08		-5.90758E-08		-5.90758E-08		-5.90758E-08		-5.4819299E-008	
-5.11547E-15		2.75296E-16		2.75296E-16		2.75296E-16		2.75296E-16		2.77697E-15		2.77697E-15		2.77697E-15		2.77697E-15		9.8324675E-016	
-1.05098E-07		-4.19076E-09		-4.19076E-09		-4.19076E-09		-4.19076E-09		8.53944E-08		8.53944E-08		8.53944E-08		8.53944E-08		7.7951753E-008	
-7.71591E-16		3.50324E-15		3.50324E-15		3.50324E-15		3.50324E-15		3.93644E-16		3.93644E-16		3.93644E-16		3.93644E-16		-3.7149740E-017	
8.11773E-08		-5.28608E-09		-5.28608E-09		-5.28608E-09		-5.28608E-09		-9.09058E-08		-9.09058E-08		-9.09058E-08		-9.09058E-08		-8.1368704E-008	
-9.02478E-15		-3.15542E-15		-3.15542E-15		-3.15542E-15		-3.15542E-15		1.63154E-16		1.63154E-16		1.63154E-16		1.63154E-16		1.5314745E-015	
-5.8958E-08		1.20772E-08		1.20772E-08		1.20772E-08		1.20772E-08		7.76637E-08		7.76637E-08		7.76637E-08		7.76637E-08		6.6577655E-008	
-2.71719E-16		1.52074E-16		1.52074E-16		1.52074E-16		1.52074E-16		-9.72829E-16		-9.72829E-16		-9.72829E-16		-9.72829E-16		9.2502859E-016	
4.0224E-08		-1.84112E-08		-1.84112E-08		-1.84112E-08		-1.84112E-08		-5.18393E-08		-5.18393E-08		-5.18393E-08		-5.18393E-08		-3.9414115E-008	
-7.0722E-15		7.58151E-16		7.58151E-16		7.58151E-16		7.58151E-16		2.03398E-15		2.03398E-15		2.03398E-15		2.03398E-15		1.0437146E-017	
-2.60632E-08		2.44675E-08		2.44675E-08		2.44675E-08		2.44675E-08		2.13182E-08		2.13182E-08		2.13182E-08		2.13182E-08		7.9031039E-009	
-9.20876E-15		3.55394E-15		3.55394E-15		3.55394E-15		3.55394E-15		-1.87573E-15		-1.87573E-15		-1.87573E-15		-1.87573E-15		-7.3881327E-016	
1.63046E-08		-2.93599E-08		-2.93599E-08		-2.93599E-08		-2.93599E-08		6.63603E-09		6.63603E-09		6.63603E-09		6.63603E-09		2.0150775E-008	
8.59873E-16		-1.43911E-15		-1.43911E-15		-1.43911E-15		-1.43911E-15		2.00379E-15		2.00379E-15		2.00379E-15		2.00379E-15		2.5374390E-015	
-9.92739E-09		3.21729E-08		3.21729E-08		3.21729E-08		3.21729E-08		-2.70033E-08		-2.70033E-08		-2.70033E-08		-2.70033E-08		-3.9118010E-008	
7.7812E-16		1.84261E-15		1.84261E-15		1.84261E-15		1.84261E-15		7.47115E-16		7.47115E-16		7.47115E-16		7.47115E-16		-7.0941254E-016	
5.77685E-09		-3.25311E-08		-3.25311E-08		-3.25311E-08		-3.25311E-08		3.76369E-08		3.76369E-08		3.76369E-08		3.76369E-08		4.6575458E-008	
4.75106E-15		1.40763E-15		1.40763E-15		1.40763E-15		1.40763E-15		6.66053E-16		6.66053E-16		6.66053E-16		6.66053E-16		-1.7791167E-015	
-3.03289E-09		3.06695E-08		3.06695E-08		3.06695E-08		3.06695E-08		-3.90025E-08		-3.90025E-08		-3.90025E-08		-3.90025E-08		-4.3293976E-008	
-1.04342E-15		1.92468E-16		1.92468E-16		1.92468E-16		1.92468E-16		1.49717E-15		1.49717E-15		1.49717E-15		1.49717E-15		3.7043699E-017	
1.27176E-09		-2.72036E-08		-2.72036E-08		-2.72036E-08		-2.72036E-08		3.33485E-08		3.33485E-08		3.33485E-08		3.33485E-08		3.2390702E-008	
4.20656E-15		9.24171E-16		9.24171E-16		9.24171E-16		9.24171E-16		-2.23317E-16		-2.23317E-16		-2.23317E-16		-2.23317E-16		-1.6831337E-015	
-2.79004E-10		2.28337E-08		2.28337E-08		2.28337E-08		2.28337E-08		-2.36965E-08		-2.36965E-08		-2.36965E-08		-2.36965E-08		-1.8047302E-008	
-5.24873E-15		-1.29841E-15		-1.29841E-15		-1.29841E-15		-1.29841E-15		1.6257E-15		1.6257E-15		1.6257E-15		1.6257E-15		-2.1220312E-015	
-1.44491E-10		-1.81348E-08		-1.81348E-08		-1.81348E-08		-1.81348E-08		1.29602E-08		1.29602E-08		1.29602E-08		1.29602E-08		4.2357096E-009	
-7.4519E-15		-9.75131E-17		-9.75131E-17		-9.75131E-17		-9.75131E-17		-3.01331E-16		-3.01331E-16		-3.01331E-16		-3.01331E-16		3.3285934E-015	
2.39628E-10		1.34867E-08		1.34867E-08		1.34867E-08		1.34867E-08		-3.36941E-09		-3.36941E-09		-3.36941E-09		-3.36941E-09		6.2066325E-009	
-8.33675E-15		1.1993E-15		1.1993E-15		1.1993E-15		1.1993E-15		-3.7149E-15		-3.7149E-15		-3.7149E-15		-3.7149E-15		-1.4576674E-015	
-2.27329E-10		-9.12806E-09		-9.12806E-09		-9.12806E-09		-9.12806E-09		-3.7698E-09		-3.7698E-09		-3.7698E-09		-3.7698E-09		-1.1984907E-008	
-1.3216E-15		-4.95677E-15		-4.95677E-15		-4.95677E-15		-4.95677E-15		-1.25911E-15		-1.25911E-15		-1.25911E-15		-1.25911E-15		1.1797705E-015	
2.30863E-10		5.25898E-09		5.25898E-09		5.25898E-09		5.25898E-09		8.03476E-09		8.03476E-09		8.03476E-09		8.03476E-09		1.3257131E-008	
-6.79643E-15		3.97523E-15		3.97523E-15		3.97523E-15		3.97523E-15		-1.07412E-15		-1.07412E-15		-1.07412E-15		-1.07412E-15		-4.6824389E-016	
-2.59127E-10		-2.09604E-09		-2.09604E-09		-2.09604E-09		-2.09604E-09		-9.67233E-09		-9.67233E-09		-9.67233E-09		-9.67233E-09		-1.1193730E-008	
-6.82411E-15		-1.74226E-15		-1.74226E-15		-1.74226E-15		-1.74226E-15		2.57426E-15		2.57426E-15		2.57426E-15		2.57426E-15		2.5561234E-016	
2.63941E-10		-1.64453E-10		-1.64453E-10		-1.64453E-10		-1.64453E-10		9.31727E-09		9.31727E-09		9.31727E-09		9.31727E-09		7.3970470E-009	
-1.71924E-15		5.10119E-15		5.10119E-15		5.10119E-15		5.10119E-15		-4.27056E-15		-4.27056E-15		-4.27056E-15		-4.27056E-15		3.2568785E-015	
-2.12012E-10		1.45152E-09		1.45152E-09		1.45152E-09		1.45152E-09		-7.72722E-09		-7.72722E-09		-7.72722E-09		-7.72722E-09		-3.3729299E-009	
4.77689E-16		-6.74452E-15		-6.74452E-15		-6.74452E-15		-6.74452E-15		4.23001E-16		4.23001E-16		4.23001E-16		4.23001E-16		1.9127243E-015	
1.20827E-10		-1.89966E-09		-1.89966E-09		-1.89966E-09		-1.89966E-09		5.58757E-09		5.58757E-09		5.58757E-09		5.58757E-09		1.8126479E-010	
