0.00		22.00		22.00		22.00		22.00		55.00		55.00		55.00		55.00		90.00
3		3		3		3		3		3		3		3		3		3
1.00		1.00		1.00		1.00		1.00		1.00		1.00		1.00		1.00		1.00
1096.7		1096.7		1096.7		1096.7		1096.7		1096.7		1096.7		1096.7		1096.7		1096.7
1608.28		1608.28		1608.28		1608.28		1608.28		1608.28		1608.28		1608.28		1608.28		1608.28
16.00		16.00		16.00		16.00		16.00		16.00		16.00		16.00		16.00		16.00
50		50		50		50		50		50		50		50		50		50
4.00		4.00		4.00		4.00		4.00		4.00		4.00		4.00		4.00		4.00
1067.609985		1102.52002		1102.52002		1102.52002		1102.52002		1221.430054		1221.430054		1221.430054		1221.430054		1292.849976
3.51338E-07		3.40292E-07		3.40292E-07		3.40292E-07		3.40292E-07		3.07061E-07		3.07061E-07		3.07061E-07		3.07061E-07		2.9004400E-007
-3.9469E-15		-8.51242E-16		-8.51242E-16		-8.51242E-16		-8.51242E-16		3.76825E-15		3.76825E-15		3.76825E-15		3.76825E-15		-3.7573196E-015
-7.9614E-07		-7.70927E-07		-7.70927E-07		-7.70927E-07		-7.70927E-07		-6.95559E-07		-6.95559E-07		-6.95559E-07		-6.95559E-07		-6.5698282E-007
1.99656E-15		1.61213E-14		1.61213E-14		1.61213E-14		1.61213E-14		-8.4559E-15		-8.4559E-15		-8.4559E-15		-8.4559E-15		-1.6089119E-015
8.55989E-07		8.2833E-07		8.2833E-07		8.2833E-07		8.2833E-07		7.46018E-07		7.46018E-07		7.46018E-07		7.46018E-07		7.0386011E-007
1.7869E-14		3.5546E-14		3.5546E-14		3.5546E-14		3.5546E-14		8.86762E-15		8.86762E-15		8.86762E-15		8.86762E-15		5.7797501E-015
-7.23775E-07		-6.99325E-07		-6.99325E-07		-6.99325E-07		-6.99325E-07		-6.25456E-07		-6.25456E-07		-6.25456E-07		-6.25456E-07		-5.8713266E-007
-1.18101E-14		-2.36886E-14		-2.36886E-14		-2.36886E-14		-2.36886E-14		8.77485E-15		8.77485E-15		8.77485E-15		8.77485E-15		7.8697035E-015
5.15885E-07		4.96803E-07		4.96803E-07		4.96803E-07		4.96803E-07		4.36425E-07		4.36425E-07		4.36425E-07		4.36425E-07		4.0359586E-007
6.54794E-16		-1.95419E-14		-1.95419E-14		-1.95419E-14		-1.95419E-14		-2.19232E-14		-2.19232E-14		-2.19232E-14		-2.19232E-14		1.8928234E-015
-3.18942E-07		-3.05092E-07		-3.05092E-07		-3.05092E-07		-3.05092E-07		-2.57985E-07		-2.57985E-07		-2.57985E-07		-2.57985E-07		-2.2989549E-007
2.87497E-14		-2.98146E-15		-2.98146E-15		-2.98146E-15		-2.98146E-15		2.51168E-14		2.51168E-14		2.51168E-14		2.51168E-14		-1.5712065E-014
1.74126E-07		1.64747E-07		1.64747E-07		1.64747E-07		1.64747E-07		1.29156E-07		1.29156E-07		1.29156E-07		1.29156E-07		1.0558310E-007
4.1248E-14		-3.71643E-15		-3.71643E-15		-3.71643E-15		-3.71643E-15		6.54662E-16		6.54662E-16		6.54662E-16		6.54662E-16		-1.7947222E-014
-8.50036E-08		-7.9702E-08		-7.9702E-08		-7.9702E-08		-7.9702E-08		-5.35214E-08		-5.35214E-08		-5.35214E-08		-5.35214E-08		-3.5466925E-008
2.28011E-15		1.0061E-14		1.0061E-14		1.0061E-14		1.0061E-14		1.91827E-15		1.91827E-15		1.91827E-15		1.91827E-15		-3.0506338E-015
3.70676E-08		3.57521E-08		3.57521E-08		3.57521E-08		3.57521E-08		1.66515E-08		1.66515E-08		1.66515E-08		1.66515E-08		5.1898366E-009
1.57033E-14		-1.12169E-14		-1.12169E-14		-1.12169E-14		-1.12169E-14		-2.24352E-14		-2.24352E-14		-2.24352E-14		-2.24352E-14		7.4332689E-015
-1.35207E-08		-1.58762E-08		-1.58762E-08		-1.58762E-08		-1.58762E-08		-1.72608E-09		-1.72608E-09		-1.72608E-09		-1.72608E-09		3.2828562E-009
-1.246E-15		2.03691E-14		2.03691E-14		2.03691E-14		2.03691E-14		-4.04284E-15		-4.04284E-15		-4.04284E-15		-4.04284E-15		-1.1057755E-014
2.2968E-09		7.51556E-09		7.51556E-09		7.51556E-09		7.51556E-09		-3.06228E-09		-3.06228E-09		-3.06228E-09		-3.06228E-09		-3.1809300E-009
-8.31299E-15		2.95515E-14		2.95515E-14		2.95515E-14		2.95515E-14		3.66845E-15		3.66845E-15		3.66845E-15		3.66845E-15		3.4043370E-015
3.2551E-09		-3.71791E-09		-3.71791E-09		-3.71791E-09		-3.71791E-09		3.8805E-09		3.8805E-09		3.8805E-09		3.8805E-09		1.2693165E-009
-3.65014E-14		-1.54803E-15		-1.54803E-15		-1.54803E-15		-1.54803E-15		1.18515E-14		1.18515E-14		1.18515E-14		1.18515E-14		1.2640201E-014
-6.10844E-09		1.53286E-09		1.53286E-09		1.53286E-09		1.53286E-09		-3.34506E-09		-3.34506E-09		-3.34506E-09		-3.34506E-09		2.5546293E-010
-1.3062E-14		-1.79908E-14		-1.79908E-14		-1.79908E-14		-1.79908E-14		6.74449E-15		6.74449E-15		6.74449E-15		6.74449E-15		4.5479333E-015
7.34662E-09		-7.55674E-12		-7.55674E-12		-7.55674E-12		-7.55674E-12		2.46487E-09		2.46487E-09		2.46487E-09		2.46487E-09		-1.2416952E-009
-3.18051E-14		-8.9097E-15		-8.9097E-15		-8.9097E-15		-8.9097E-15		-2.23366E-14		-2.23366E-14		-2.23366E-14		-2.23366E-14		8.0738147E-015
-7.32143E-09		-1.16374E-09		-1.16374E-09		-1.16374E-09		-1.16374E-09		-1.6039E-09		-1.6039E-09		-1.6039E-09		-1.6039E-09		1.9219966E-009
1.14732E-14		-1.04128E-15		-1.04128E-15		-1.04128E-15		-1.04128E-15		4.28051E-15		4.28051E-15		4.28051E-15		4.28051E-15		1.5517583E-014
6.26852E-09		2.15995E-09		2.15995E-09		2.15995E-09		2.15995E-09		8.21784E-10		8.21784E-10		8.21784E-10		8.21784E-10		-2.3207110E-009
2.23539E-14		4.38847E-15		4.38847E-15		4.38847E-15		4.38847E-15		-7.48724E-15		-7.48724E-15		-7.48724E-15		-7.48724E-15		7.7253199E-015
-4.57203E-09		-3.01722E-09		-3.01722E-09		-3.01722E-09		-3.01722E-09		-6.99376E-11		-6.99376E-11		-6.99376E-11		-6.99376E-11		2.3307674E-009
-5.27362E-15		-8.90991E-15		-8.90991E-15		-8.90991E-15		-8.90991E-15		-2.29505E-14		-2.29505E-14		-2.29505E-14		-2.29505E-14		-4.4348379E-015
2.76561E-09		3.55313E-09		3.55313E-09		3.55313E-09		3.55313E-09		-6.19968E-10		-6.19968E-10		-6.19968E-10		-6.19968E-10		-1.9453570E-009
1.85305E-14		3.80867E-15		3.80867E-15		3.80867E-15		3.80867E-15		-4.31542E-15		-4.31542E-15		-4.31542E-15		-4.31542E-15		6.2106095E-015
-1.3457E-09		-3.49487E-09		-3.49487E-09		-3.49487E-09		-3.49487E-09		1.07992E-09		1.07992E-09		1.07992E-09		1.07992E-09		1.3329464E-009
-2.5289E-14		5.37525E-16		5.37525E-16		5.37525E-16		5.37525E-16		1.91012E-14		1.91012E-14		1.91012E-14		1.91012E-14		-5.5932313E-015
5.52322E-10		2.76585E-09		2.76585E-09		2.76585E-09		2.76585E-09		-1.14297E-09		-1.14297E-09		-1.14297E-09		-1.14297E-09		-7.2383621E-010
9.43058E-15		7.34944E-15		7.34944E-15		7.34944E-15		7.34944E-15		2.21304E-14		2.21304E-14		2.21304E-14		2.21304E-14		-2.3254063E-015
-2.88983E-10		-1.64866E-09		-1.64866E-09		-1.64866E-09		-1.64866E-09		8.26772E-10		8.26772E-10		8.26772E-10		8.26772E-10		2.6874902E-010
-3.18337E-15		9.7676E-15		9.7676E-15		9.7676E-15		9.7676E-15		2.42547E-14		2.42547E-14		2.42547E-14		2.42547E-14		-7.5044595E-015
2.5567E-10		6.45036E-10		6.45036E-10		6.45036E-10		6.45036E-10		-3.71133E-10		-3.71133E-10		-3.71133E-10		-3.71133E-10		1.2224784E-011
-4.17824E-14		-2.4591E-14		-2.4591E-14		-2.4591E-14		-2.4591E-14		-1.14742E-14		-1.14742E-14		-1.14742E-14		-1.14742E-14		-2.1158646E-015
-1.89237E-10		-1.27808E-10		-1.27808E-10		-1.27808E-10		-1.27808E-10		6.17784E-11		6.17784E-11		6.17784E-11		6.17784E-11		-1.6685402E-010
1.2064E-14		1.26562E-14		1.26562E-14		1.26562E-14		1.26562E-14		-1.00132E-14		-1.00132E-14		-1.00132E-14		-1.00132E-14		9.2087889E-015
2.85183E-11		9.36058E-11		9.36058E-11		9.36058E-11		9.36058E-11		-1.37595E-11		-1.37595E-11		-1.37595E-11		-1.37595E-11		2.2584110E-010
1.0727E-14		-7.13273E-15		-7.13273E-15		-7.13273E-15		-7.13273E-15		1.91897E-14		1.91897E-14		1.91897E-14		1.91897E-14		2.2285462E-014
1.15085E-10		-2.30857E-10		-2.30857E-10		-2.30857E-10		-2.30857E-10		1.09813E-10		1.09813E-10		1.09813E-10		1.09813E-10		-1.8734664E-010
-5.82122E-15		-6.76619E-15		-6.76619E-15		-6.76619E-15		-6.76619E-15		-1.192E-14		-1.192E-14		-1.192E-14		-1.192E-14		1.7890196E-015
-1.26219E-10		2.26385E-10		2.26385E-10		2.26385E-10		2.26385E-10		-1.46045E-10		-1.46045E-10		-1.46045E-10		-1.46045E-10		6.6122767E-011
