4969.31 14618.9
0.00		10.00		20.00		30.00		40.00		50.00		60.00		70.00		80.00		90.00
2272.560059		2357.530029		2574.48999		2942.080078		3121.709961		3352.689941		3577.610107		3751.409912		3860.689941		3897.850098
  1.0371988E-007		  9.9933921E-008		  9.1155812E-008		  5.6103143E-008		  6.6519391E-008		  6.1052390E-008		  5.7225172E-008		  5.4516111E-008		  5.3097260E-008		  5.2492307E-008
 -2.3490637E-007		 -2.2639432E-007		 -2.0648929E-007		 -1.2711772E-007		 -1.5074255E-007		 -1.3831756E-007		 -1.2959997E-007		 -1.2354498E-007		 -1.2023463E-007		 -1.1894533E-007
  2.5415156E-007		  2.4391989E-007		  2.2044124E-007		  1.3523297E-007		  1.5956266E-007		  1.4611119E-007		  1.3668623E-007		  1.3043987E-007		  1.2668382E-007		  1.2552775E-007
 -2.2250103E-007		 -2.0899471E-007		 -1.8034372E-007		 -1.0852825E-007		 -1.2403991E-007		 -1.1253211E-007		 -1.0466871E-007		 -9.9888986E-008		 -9.6604829E-008		 -9.5992725E-008
  1.7627104E-007		  1.5586144E-007		  1.1532649E-007		  6.4955145E-008		  6.3340380E-008		  5.5010123E-008		  4.9857267E-008		  4.7236124E-008		  4.5161617E-008		  4.5151165E-008
 -1.3796156E-007		 -1.0825638E-007		 -4.9919002E-008		 -2.1622839E-008		  2.3382265E-009		  7.3803963E-009		  9.5743458E-009		  1.0032783E-008		  1.0408433E-008		  1.0029924E-008
  1.1328605E-007		  7.4930000E-008		 -1.5318421E-009		 -9.6757011E-009		 -5.6264394E-008		 -5.8044243E-008		 -5.7415544E-008		 -5.5917504E-008		 -5.4441504E-008		 -5.3946216E-008
 -9.7570620E-008		 -5.3581807E-008		  3.5169275E-008		  2.4796535E-008		  8.8810658E-008		  8.6763876E-008		  8.3323336E-008		  7.9952713E-008		  7.6853873E-008		  7.6366227E-008
  8.4461092E-008		  3.8412232E-008		 -5.3542824E-008		 -2.6127870E-008		 -9.8069364E-008		 -9.1062930E-008		 -8.4563055E-008		 -7.9333596E-008		 -7.5183593E-008		 -7.4610014E-008
 -7.0714002E-008		 -2.5414939E-008		  6.1025375E-008		  1.9399980E-008		  8.7921542E-008		  7.4972192E-008		  6.5276730E-008		  5.8474434E-008		  5.4061559E-008		  5.3201568E-008
  5.6397838E-008		  1.3635551E-008		 -6.1204773E-008		 -1.0423936E-008		 -6.5068782E-008		 -4.6275019E-008		 -3.3986936E-008		 -2.6489525E-008		 -2.2623318E-008		 -2.1377714E-008
 -4.2966398E-008		 -3.8908623E-009		  5.6421857E-008		  3.0908671E-009		  3.6452693E-008		  1.3575495E-008		  4.6412643E-010		 -6.2742886E-009		 -8.9539682E-009		 -1.0422988E-008
  3.1568387E-008		 -2.9151006E-009		 -4.8352064E-008		  1.0909513E-009		 -7.7467872E-009		  1.5867538E-008		  2.7023050E-008		  3.1381692E-008		  3.2536875E-008		  3.3810878E-008
 -2.2517932E-008		  6.6584240E-009		  3.8557385E-008		 -2.3984281E-009		 -1.7114051E-008		 -3.7237808E-008		 -4.3431211E-008		 -4.4236359E-008		 -4.3858538E-008		 -4.4444640E-008
  1.5593708E-008		 -7.9534495E-009		 -2.8572201E-008		  1.9332791E-009		  3.5797605E-008		  4.8364452E-008		  4.7448680E-008		  4.4465381E-008		  4.2813763E-008		  4.2398177E-008
 -1.0484522E-008		  7.6837940E-009		  1.9637687E-008		 -8.2336143E-010		 -4.7264145E-008		 -4.9389456E-008		 -4.0954880E-008		 -3.5013155E-008		 -3.2504975E-008		 -3.1132313E-008
  6.9461725E-009		 -6.5981336E-009		 -1.2428695E-008		 -1.9147263E-010		  5.1500574E-008		  4.2184933E-008		  2.7820697E-008		  2.0525977E-008		  1.7633424E-008		  1.5711237E-008
 -4.7134820E-009		  5.1777906E-009		  7.0197546E-009		  8.1843315E-010		 -4.9320349E-008		 -2.9676666E-008		 -1.2504691E-008		 -5.6852425E-009		 -2.8629801E-009		 -9.9486963E-010
  3.4017935E-009		 -3.7102514E-009		 -3.1004475E-009		 -1.0696748E-009		  4.2154578E-008		  1.5144659E-008		 -1.1524788E-009		 -6.0209588E-009		 -8.3842666E-009		 -9.6363939E-009
 -2.5715721E-009		  2.3990405E-009		  2.8683422E-010		  1.0762129E-009		 -3.1797761E-008		 -1.5756579E-009		  1.0682349E-008		  1.2861473E-008		  1.4487819E-008		  1.4787456E-008
  1.8980533E-009		 -1.3994835E-009		  1.6676145E-009		 -9.6101271E-010		  2.0125928E-008		 -8.8373753E-009		 -1.5206345E-008		 -1.4795684E-008		 -1.5565691E-008		 -1.4855807E-008
 -1.2784683E-009		  7.8022749E-010		 -2.8484328E-009		  7.9542312E-010		 -8.8483585E-009		  1.4959687E-008		  1.5199737E-008		  1.2980777E-008		  1.2965364E-008		  1.1402957E-008
  7.7718870E-010		 -4.8971055E-010		  3.2956582E-009		 -6.1209887E-010		 -6.7311312E-010		 -1.6715656E-008		 -1.1988070E-008		 -9.1150953E-009		 -8.5581107E-009		 -6.4038819E-009
 -4.7043819E-010		  3.8296688E-010		 -3.1304308E-009		  4.3093085E-010		  7.5329076E-009		  1.4871340E-008		  7.1855650E-009		  4.8417244E-009		  4.0789527E-009		  1.6191051E-009
  3.3407913E-010		 -3.0669403E-010		  2.5862521E-009		 -2.6956412E-010		 -1.1337834E-008		 -1.0693988E-008		 -2.2446767E-009		 -1.3522944E-009		 -6.8723499E-010		  1.7833466E-009
 -2.6123037E-010		  1.8212166E-010		 -1.9331257E-009		  1.3753461E-010		  1.2213969E-008		  5.5923626E-009		 -1.8009341E-009		 -7.7046486E-010		 -1.1786393E-009		 -3.3428240E-009
